Muestra, Temperatura BME, Humedad BME, Presion BME, Altitud BME, Temperatura Suelo, Humedad Suelo,Fecha, Latitud, Longitud, Presicion GPS, Altitud GPS 
1,34.08,56.98,1010.38,23.96,43.579,4095,2022-12-13T15:19:51,10.816010,-74.170227,134.00,29.50
1,34.00,57.46,1010.31,24.54,35.779,4095,2022-12-13T15:19:51,10.816010,-74.170227,134.00,29.50
1,33.99,57.52,1010.36,24.08,35.147,4095,2022-12-13T15:19:56,10.816007,-74.170227,134.00,30.90
1,33.97,57.85,1010.39,23.86,36.208,4095,2022-12-13T15:19:56,10.816007,-74.170227,134.00,30.90
1,33.97,57.40,1010.43,23.48,36.364,4095,2022-12-13T15:20:01,10.816012,-74.170235,390.00,28.20
1,33.93,56.59,1010.48,23.12,41.824,4095,2022-12-13T15:20:06,10.816006,-74.170227,113.00,28.80
1,35.52,58.38,1010.56,22.43,32.847,983,2022-12-13T15:22:38,10.816000,-74.170296,95.00,20.50
1,35.62,57.33,1010.53,22.64,32.841,925,2022-12-13T15:22:38,10.816000,-74.170296,95.00,20.50
1,35.62,56.87,1010.56,22.42,32.694,1040,2022-12-13T15:22:43,10.816005,-74.170303,95.00,19.70
1,35.63,56.68,1010.57,22.30,32.879,1051,2022-12-13T15:22:43,10.816005,-74.170303,95.00,19.70
1,35.56,57.32,1010.55,22.47,32.880,1071,2022-12-13T15:22:48,10.816010,-74.170303,95.00,19.60
1,35.58,56.73,1010.54,22.57,32.885,1077,2022-12-13T15:22:53,10.816015,-74.170303,95.00,20.20
2,34.99,58.63,1010.57,22.36,35.490,2681,2022-12-13T15:24:08,10.815985,-74.170273,96.00,30.30
2,34.94,58.28,1010.57,22.33,35.687,2693,2022-12-13T15:24:08,10.815985,-74.170273,96.00,30.30
2,34.91,60.02,1010.54,22.57,35.549,2673,2022-12-13T15:24:13,10.815984,-74.170280,96.00,30.80
2,34.96,60.04,1010.55,22.46,35.957,2707,2022-12-13T15:24:13,10.815984,-74.170280,96.00,30.80
2,34.98,58.75,1010.55,22.50,36.377,2707,2022-12-13T15:24:18,10.815985,-74.170273,96.00,31.00
3,34.70,59.61,1010.55,22.54,34.713,1673,2022-12-13T15:25:13,10.815957,-74.170265,112.00,38.80
3,34.72,59.81,1010.56,22.43,34.801,1680,2022-12-13T15:25:13,10.815957,-74.170265,112.00,38.80
3,34.72,59.87,1010.52,22.78,34.600,1692,2022-12-13T15:25:18,10.815965,-74.170288,107.00,33.10
3,34.71,59.91,1010.45,23.30,34.389,1573,2022-12-13T15:25:23,10.815967,-74.170296,96.00,31.00
3,34.73,59.96,1010.47,23.15,34.150,1697,2022-12-13T15:25:23,10.815967,-74.170296,96.00,31.00
4,34.67,59.12,1010.48,23.12,36.342,761,2022-12-13T15:26:18,10.815992,-74.170319,97.00,18.20
4,34.74,59.53,1010.60,22.13,35.768,770,2022-12-13T15:26:23,10.815983,-74.170311,97.00,21.40
4,34.74,59.67,1010.62,21.89,35.290,780,2022-12-13T15:26:23,10.815983,-74.170311,97.00,21.40
4,34.74,59.65,1010.60,22.06,34.996,785,2022-12-13T15:26:28,10.815982,-74.170303,97.00,21.10
4,34.74,59.41,1010.59,22.18,34.591,789,2022-12-13T15:26:33,10.815985,-74.170303,97.00,20.70
8,38.00,55.53,1010.53,22.65,30.850,1653,2022-12-13T15:28:40,10.815936,-74.170265,86.00,20.40
8,38.05,55.30,1010.51,22.80,30.596,1655,2022-12-13T15:28:45,10.815937,-74.170265,86.00,20.70
8,37.98,55.33,1010.36,24.09,30.906,1654,2022-12-13T15:28:45,10.815937,-74.170265,86.00,20.70
8,38.09,55.10,1010.50,22.90,30.899,1653,2022-12-13T15:28:50,10.815940,-74.170265,99.00,20.80
8,38.14,55.05,1010.56,22.38,30.897,1646,2022-12-13T15:28:55,10.815941,-74.170265,87.00,20.90
9,36.86,55.27,1010.64,21.77,30.234,896,2022-12-13T15:30:00,10.815886,-74.170219,87.00,14.30
9,36.81,55.21,1010.63,21.84,30.219,901,2022-12-13T15:30:00,10.815886,-74.170219,87.00,14.30
9,36.75,55.38,1010.61,22.02,30.067,907,2022-12-13T15:30:05,10.815886,-74.170227,87.00,14.30
9,36.71,55.50,1010.62,21.92,30.056,913,2022-12-13T15:30:05,10.815886,-74.170227,87.00,14.30
10,36.00,56.32,1010.66,21.61,30.521,981,2022-12-13T15:30:45,10.815882,-74.170258,98.00,19.40
10,35.97,56.38,1010.66,21.59,30.605,996,2022-12-13T15:30:50,10.815884,-74.170258,98.00,19.90
10,35.93,56.44,1010.65,21.66,30.332,1017,2022-12-13T15:30:55,10.815889,-74.170258,98.00,20.50
10,35.90,56.55,1010.64,21.74,30.108,1038,2022-12-13T15:30:55,10.815889,-74.170258,98.00,20.50
10,35.89,56.72,1010.67,21.53,30.090,1045,2022-12-13T15:31:00,10.815891,-74.170258,98.00,20.90
10,35.87,56.83,1010.65,21.68,29.886,1059,2022-12-13T15:31:00,10.815891,-74.170258,98.00,20.90
10,35.84,57.03,1010.65,21.65,29.861,1070,2022-12-13T15:31:05,10.815891,-74.170258,98.00,21.40
11,35.54,57.44,1010.65,21.70,0.000,756,2022-12-13T15:31:50,10.815884,-74.170258,87.00,17.90
11,35.53,57.52,1010.63,21.81,30.472,800,2022-12-13T15:31:55,10.815877,-74.170258,87.00,17.50
11,35.51,57.57,1010.66,21.57,30.433,821,2022-12-13T15:32:00,10.815876,-74.170258,87.00,17.40
11,35.50,57.65,1010.65,21.70,30.423,847,2022-12-13T15:32:00,10.815876,-74.170258,87.00,17.40
11,35.49,57.66,1010.62,21.89,30.415,865,2022-12-13T15:32:05,10.815876,-74.170265,87.00,17.70
11,35.46,57.59,1010.64,21.77,30.397,886,2022-12-13T15:32:05,10.815876,-74.170265,87.00,17.70
11,35.45,57.63,1010.63,21.86,30.380,897,2022-12-13T15:32:10,10.815879,-74.170265,87.00,18.20
12,34.82,56.85,1010.54,22.55,31.588,682,2022-12-13T15:32:45,10.815856,-74.170265,87.00,19.70
12,34.73,57.67,1010.53,22.71,31.607,730,2022-12-13T15:32:45,10.815856,-74.170265,87.00,19.70
12,34.70,58.50,1010.55,22.51,31.755,759,2022-12-13T15:32:50,10.815853,-74.170258,87.00,20.90
12,34.63,58.50,1010.54,22.60,31.753,777,2022-12-13T15:32:50,10.815853,-74.170258,87.00,20.90
12,34.65,59.15,1010.64,21.75,31.763,791,2022-12-13T15:32:55,10.815851,-74.170258,87.00,21.50
12,34.62,59.59,1010.65,21.69,31.761,806,2022-12-13T15:33:00,10.815850,-74.170258,87.00,21.70
13,33.12,60.61,1010.55,22.48,54.119,911,2022-12-13T15:35:35,10.815920,-74.170319,103.00,28.70
13,33.19,60.67,1010.66,21.59,43.834,944,2022-12-13T15:35:40,10.815924,-74.170326,103.00,29.20
13,33.21,60.72,1010.65,21.68,38.700,962,2022-12-13T15:35:45,10.815932,-74.170334,79.00,30.40
13,33.23,60.77,1010.63,21.80,36.549,976,2022-12-13T15:35:45,10.815932,-74.170334,79.00,30.40
13,33.25,60.82,1010.64,21.73,36.712,992,2022-12-13T15:35:50,10.815941,-74.170341,156.00,31.10
13,33.28,60.87,1010.63,21.88,34.058,1004,2022-12-13T15:35:50,10.815941,-74.170341,156.00,31.10
13,33.31,60.91,1010.63,21.82,33.486,1011,2022-12-13T15:35:55,10.815941,-74.170341,79.00,30.80
13,33.33,60.92,1010.63,21.86,33.088,1020,2022-12-13T15:36:00,10.815940,-74.170341,79.00,30.40
13,33.32,60.97,1010.57,22.31,31.793,1035,2022-12-13T15:36:00,10.815940,-74.170341,79.00,30.40
13,33.36,61.09,1010.54,22.58,31.557,1045,2022-12-13T15:36:05,10.815939,-74.170341,79.00,30.00
13,33.40,61.23,1010.49,23.02,31.545,1050,2022-12-13T15:36:05,10.815939,-74.170341,79.00,30.00
13,33.50,61.27,1010.61,21.98,31.535,1046,2022-12-13T15:36:10,10.815943,-74.170349,79.00,30.50
14,33.93,60.17,1010.59,22.19,32.830,781,2022-12-13T15:37:15,10.815893,-74.170326,97.00,20.50
14,33.93,60.28,1010.54,22.60,32.626,816,2022-12-13T15:37:20,10.815898,-74.170334,102.00,20.90
14,33.92,60.30,1010.46,23.29,32.463,846,2022-12-13T15:37:20,10.815898,-74.170334,102.00,20.90
14,33.93,60.34,1010.48,23.10,32.312,877,2022-12-13T15:37:25,10.815897,-74.170334,97.00,21.60
14,33.94,60.22,1010.49,23.00,32.147,897,2022-12-13T15:37:30,10.815897,-74.170341,97.00,22.20
14,33.95,60.04,1010.47,23.13,32.149,916,2022-12-13T15:37:30,10.815897,-74.170341,97.00,22.20
14,33.96,59.98,1010.48,23.08,32.143,937,2022-12-13T15:37:35,10.815897,-74.170341,97.00,22.30
17,34.27,62.12,1010.52,22.72,29.349,1040,2022-12-13T15:39:30,10.815889,-74.170311,79.00,17.10
17,34.30,61.73,1010.55,22.51,29.336,1040,2022-12-13T15:39:35,10.815893,-74.170311,83.00,17.50
17,34.34,62.17,1010.54,22.57,29.314,1039,2022-12-13T15:39:35,10.815893,-74.170311,83.00,17.50
17,34.38,62.50,1010.52,22.73,29.293,1049,2022-12-13T15:39:40,10.815891,-74.170311,82.00,17.40
17,34.43,62.49,1010.59,22.14,29.156,1049,2022-12-13T15:39:45,10.815892,-74.170311,79.00,17.50
18,34.40,60.28,1010.45,23.33,29.526,3600,2022-12-13T15:40:25,10.815945,-74.170334,104.00,24.80
18,34.44,60.19,1010.49,23.02,29.539,3605,2022-12-13T15:40:30,10.815943,-74.170341,79.00,24.40
18,34.44,60.18,1010.51,22.87,29.559,3613,2022-12-13T15:40:30,10.815943,-74.170341,79.00,24.40
18,34.44,60.18,1010.48,23.10,29.580,3622,2022-12-13T15:40:35,10.815948,-74.170341,115.00,24.80
19,34.25,58.60,1010.55,22.53,30.214,1225,2022-12-13T15:41:35,10.815905,-74.170357,85.00,17.90
19,34.24,58.72,1010.52,22.74,30.213,1250,2022-12-13T15:41:35,10.815905,-74.170357,85.00,17.90
19,34.23,58.75,1010.56,22.41,29.919,1266,2022-12-13T15:41:40,10.815903,-74.170364,85.00,17.80
19,34.22,58.77,1010.54,22.56,30.105,1285,2022-12-13T15:41:45,10.815905,-74.170364,85.00,17.90
19,34.20,58.79,1010.57,22.31,30.109,1299,2022-12-13T15:41:45,10.815905,-74.170364,85.00,17.90
19,34.19,58.79,1010.53,22.66,30.098,1304,2022-12-13T15:41:50,10.815905,-74.170364,101.00,18.20
19,34.18,58.86,1010.53,22.67,30.082,1315,2022-12-13T15:41:50,10.815905,-74.170364,101.00,18.20
19,34.18,58.95,1010.53,22.71,30.064,1319,2022-12-13T15:41:55,10.815903,-74.170364,101.00,18.50
19,34.16,58.99,1010.53,22.71,29.704,1328,2022-12-13T15:42:00,10.815902,-74.170364,101.00,18.90
19,34.12,59.00,1010.45,23.30,29.895,1331,2022-12-13T15:42:00,10.815902,-74.170364,101.00,18.90
19,34.11,59.07,1010.49,23.00,29.884,1337,2022-12-13T15:42:05,10.815901,-74.170364,85.00,19.70
20,33.81,61.90,1010.52,22.78,31.121,1808,2022-12-13T15:42:50,10.815906,-74.170380,85.00,20.50
20,33.88,62.12,1010.56,22.44,31.122,1863,2022-12-13T15:42:55,10.815901,-74.170380,103.00,19.70
20,33.92,62.30,1010.53,22.63,31.117,1903,2022-12-13T15:43:00,10.815896,-74.170380,85.00,19.60
20,33.95,62.66,1010.53,22.68,31.105,1922,2022-12-13T15:43:00,10.815896,-74.170380,85.00,19.60
20,33.99,62.70,1010.55,22.53,31.110,1945,2022-12-13T15:43:05,10.815893,-74.170380,85.00,19.60
20,34.01,62.63,1010.55,22.53,31.101,1959,2022-12-13T15:43:05,10.815893,-74.170380,85.00,19.60
20,34.04,62.60,1010.54,22.59,31.095,1968,2022-12-13T15:43:10,10.815891,-74.170380,85.00,19.20
20,34.06,62.69,1010.54,22.63,30.927,1980,2022-12-13T15:43:15,10.815891,-74.170380,85.00,19.20
21,34.03,61.47,1010.52,22.75,30.714,881,2022-12-13T15:43:45,10.815899,-74.170372,104.00,20.50
21,34.02,61.17,1010.56,22.42,30.694,914,2022-12-13T15:43:45,10.815899,-74.170372,104.00,20.50
21,34.01,61.15,1010.56,22.46,30.678,869,2022-12-13T15:43:50,10.815901,-74.170372,104.00,21.10
21,34.01,61.20,1010.56,22.43,30.537,955,2022-12-13T15:43:50,10.815901,-74.170372,104.00,21.10
21,33.98,61.14,1010.51,22.85,30.526,970,2022-12-13T15:43:55,10.815909,-74.170372,85.00,23.10
21,33.97,61.08,1010.52,22.77,30.511,978,2022-12-13T15:44:00,10.815909,-74.170372,85.00,23.60
21,33.96,61.05,1010.52,22.77,30.492,993,2022-12-13T15:44:00,10.815909,-74.170372,85.00,23.60
21,33.81,61.03,1010.29,24.67,30.468,1001,2022-12-13T15:44:05,10.815911,-74.170372,85.00,24.00
21,33.90,60.96,1010.46,23.29,30.339,1008,2022-12-13T15:44:05,10.815911,-74.170372,85.00,24.00
22,33.21,63.44,1010.44,23.39,30.065,893,2022-12-13T15:50:10,10.815925,-74.170425,106.00,22.40
22,33.21,63.13,1010.43,23.49,30.046,894,2022-12-13T15:50:15,10.815924,-74.170425,85.00,22.40
22,33.23,63.27,1010.45,23.32,29.898,889,2022-12-13T15:50:20,10.815922,-74.170433,106.00,22.30
22,33.24,63.31,1010.43,23.53,29.889,899,2022-12-13T15:50:20,10.815922,-74.170433,106.00,22.30
22,33.24,63.17,1010.43,23.50,29.876,903,2022-12-13T15:50:25,10.815920,-74.170425,106.00,21.90
23,33.81,60.82,1010.41,23.70,29.565,1995,2022-12-13T15:51:25,10.815916,-74.170403,108.00,22.40
23,33.76,60.84,1010.34,24.23,29.409,1999,2022-12-13T15:51:30,10.815917,-74.170403,79.00,23.40
23,33.72,60.76,1010.32,24.41,29.212,2019,2022-12-13T15:51:30,10.815917,-74.170403,79.00,23.40
23,33.71,60.83,1010.32,24.40,29.196,2037,2022-12-13T15:51:35,10.815917,-74.170395,79.00,23.00
23,33.69,60.85,1010.32,24.42,28.991,2047,2022-12-13T15:51:40,10.815916,-74.170395,90.00,23.30
23,33.68,60.79,1010.33,24.31,28.966,2069,2022-12-13T15:51:40,10.815916,-74.170395,90.00,23.30
23,33.72,60.90,1010.41,23.68,28.768,2090,2022-12-13T15:51:45,10.815913,-74.170395,79.00,24.10
25,33.52,62.70,1010.38,23.90,29.141,2209,2022-12-13T15:53:00,10.815948,-74.170403,117.00,20.20
25,33.52,62.72,1010.40,23.79,29.114,2210,2022-12-13T15:53:05,10.815947,-74.170395,102.00,20.10
25,33.51,62.85,1010.42,23.59,28.938,2216,2022-12-13T15:53:10,10.815944,-74.170395,119.00,19.70
25,33.51,62.89,1010.42,23.60,28.941,2221,2022-12-13T15:53:10,10.815944,-74.170395,119.00,19.70
25,33.50,63.06,1010.40,23.75,28.947,2215,2022-12-13T15:53:15,10.815943,-74.170387,117.00,19.90
25,33.49,62.98,1010.40,23.72,28.945,2222,2022-12-13T15:53:15,10.815943,-74.170387,117.00,19.90
25,33.44,62.92,1010.33,24.35,28.946,2030,2022-12-13T15:53:20,10.815942,-74.170387,117.00,19.90
25,33.48,62.95,1010.43,23.47,28.805,2222,2022-12-13T15:53:25,10.815941,-74.170387,117.00,20.20
26,33.40,62.58,1010.41,23.65,28.829,750,2022-12-13T15:54:00,10.815945,-74.170372,118.00,16.80
26,33.39,62.63,1010.42,23.60,28.852,768,2022-12-13T15:54:00,10.815945,-74.170372,118.00,16.80
26,33.39,62.85,1010.43,23.48,28.873,781,2022-12-13T15:54:05,10.815940,-74.170364,118.00,16.20
26,33.13,63.04,1010.02,26.96,28.888,786,2022-12-13T15:54:10,10.815937,-74.170364,118.00,14.40
26,33.39,63.09,1010.42,23.58,28.897,790,2022-12-13T15:54:10,10.815937,-74.170364,118.00,14.40
26,33.39,63.20,1010.41,23.69,28.904,799,2022-12-13T15:54:15,10.815936,-74.170364,118.00,13.70
26,33.38,63.34,1010.41,23.71,28.908,803,2022-12-13T15:54:15,10.815936,-74.170364,118.00,13.70
27,33.32,65.39,1010.39,23.88,30.605,2731,2022-12-13T15:55:25,10.815974,-74.170403,90.00,21.50
27,33.36,65.44,1010.39,23.86,30.610,2740,2022-12-13T15:55:25,10.815974,-74.170403,90.00,21.50
27,33.38,65.31,1010.39,23.84,30.609,2741,2022-12-13T15:55:30,10.815971,-74.170403,79.00,20.00
27,33.35,64.68,1010.31,24.52,30.610,2747,2022-12-13T15:55:30,10.815971,-74.170403,79.00,20.00
27,33.37,64.38,1010.30,24.62,30.615,2749,2022-12-13T15:55:35,10.815969,-74.170395,109.00,18.60
27,33.37,63.96,1010.29,24.68,30.616,2750,2022-12-13T15:55:40,10.815968,-74.170395,79.00,17.50
28,33.60,65.36,1010.37,23.99,31.576,3027,2022-12-13T15:56:15,10.815989,-74.170395,118.00,19.00
28,33.61,65.11,1010.36,24.07,31.595,3031,2022-12-13T15:56:20,10.815990,-74.170387,118.00,17.80
28,33.63,65.03,1010.35,24.14,31.747,3034,2022-12-13T15:56:25,10.815992,-74.170387,103.00,18.60
28,33.62,65.02,1010.34,24.25,31.750,3035,2022-12-13T15:56:25,10.815992,-74.170387,103.00,18.60
28,33.64,64.98,1010.35,24.15,0.000,3046,2022-12-13T15:56:30,10.815993,-74.170380,103.00,18.80
28,33.50,64.97,1010.10,26.22,0.000,3047,2022-12-13T15:56:35,10.815994,-74.170380,103.00,18.80
31,34.59,66.84,1010.24,25.05,32.968,3993,2022-12-13T15:58:10,10.816061,-74.170387,86.00,34.40
31,34.65,66.42,1010.25,24.99,32.975,4013,2022-12-13T15:58:15,10.816065,-74.170395,86.00,34.40
31,34.71,66.35,1010.26,24.90,32.981,3999,2022-12-13T15:58:15,10.816065,-74.170395,86.00,34.40
31,34.76,66.49,1010.27,24.81,32.985,4011,2022-12-13T15:58:20,10.816066,-74.170387,86.00,31.30
31,34.86,66.09,1010.33,24.38,32.994,4010,2022-12-13T15:58:25,10.816071,-74.170387,86.00,30.40
34,37.95,64.96,1010.25,24.97,35.738,3186,2022-12-13T16:02:10,10.816011,-74.170326,126.00,14.80
34,38.01,64.37,1010.22,25.26,35.470,3194,2022-12-13T16:02:10,10.816011,-74.170326,126.00,14.80
34,38.07,63.98,1010.24,25.13,35.476,3195,2022-12-13T16:02:15,10.816010,-74.170326,126.00,17.20
34,38.13,63.45,1010.29,24.71,35.318,3194,2022-12-13T16:02:20,10.816010,-74.170334,139.00,13.60
34,38.15,61.87,1010.29,24.65,35.306,3197,2022-12-13T16:02:20,10.816010,-74.170334,139.00,13.60
34,38.16,61.98,1010.30,24.60,35.170,3200,2022-12-13T16:02:25,10.816010,-74.170341,139.00,9.00
35,38.47,59.96,1010.29,24.70,35.567,3947,2022-12-13T16:03:25,10.816085,-74.170357,191.00,31.60
35,38.48,60.25,1010.29,24.65,35.426,3952,2022-12-13T16:03:25,10.816085,-74.170357,191.00,31.60
35,38.50,60.36,1010.28,24.74,35.292,3965,2022-12-13T16:03:30,10.816078,-74.170357,191.00,25.20
35,38.52,60.35,1010.31,24.52,35.065,3976,2022-12-13T16:03:35,10.816066,-74.170357,140.00,20.70
35,38.51,60.42,1010.27,24.86,34.812,3985,2022-12-13T16:03:35,10.816066,-74.170357,140.00,20.70
35,38.53,60.48,1010.24,25.11,34.823,4001,2022-12-13T16:03:40,10.816055,-74.170349,140.00,17.40
35,38.55,59.83,1010.21,25.30,34.766,4016,2022-12-13T16:03:40,10.816055,-74.170349,140.00,17.40
35,38.56,58.68,1010.24,25.08,34.625,4023,2022-12-13T16:03:45,10.816050,-74.170349,126.00,16.20
36,40.69,46.79,1010.21,25.31,34.875,3212,2022-12-13T16:05:15,10.816050,-74.170319,127.00,23.60
36,40.78,47.30,1010.20,25.43,34.682,3219,2022-12-13T16:05:20,10.816036,-74.170311,127.00,21.80
36,40.87,47.13,1010.18,25.59,34.683,3229,2022-12-13T16:05:20,10.816036,-74.170311,127.00,21.80
36,40.96,47.02,1010.18,25.57,34.660,3241,2022-12-13T16:05:25,10.816031,-74.170311,127.00,20.70
36,41.03,47.44,1010.25,25.01,34.488,3242,2022-12-13T16:05:25,10.816031,-74.170311,127.00,20.70
36,41.07,47.92,1010.26,24.92,34.469,3244,2022-12-13T16:05:30,10.816028,-74.170311,127.00,19.80
36,41.10,47.81,1010.23,25.15,34.323,3251,2022-12-13T16:05:35,10.816025,-74.170311,127.00,19.30
36,41.14,47.63,1010.25,25.01,34.308,3259,2022-12-13T16:05:35,10.816025,-74.170311,127.00,19.30
36,41.14,47.12,1010.21,25.36,34.155,3266,2022-12-13T16:05:40,10.816022,-74.170311,142.00,18.40
37,40.16,49.13,1010.20,25.46,35.171,4095,2022-12-13T16:06:35,10.816010,-74.170296,127.00,18.90
37,40.12,49.37,1010.22,25.29,35.010,4095,2022-12-13T16:06:40,10.816002,-74.170296,127.00,17.50
37,40.01,49.39,1010.08,26.47,34.865,4095,2022-12-13T16:06:40,10.816002,-74.170296,127.00,17.50
37,39.99,49.44,1010.08,26.45,34.687,4095,2022-12-13T16:06:45,10.816002,-74.170296,127.00,17.90
37,40.03,50.38,1010.21,25.32,34.659,4095,2022-12-13T16:06:50,10.816003,-74.170296,127.00,18.60
37,40.00,51.12,1010.20,25.40,33.835,4095,2022-12-13T16:06:50,10.816003,-74.170296,127.00,18.60
37,39.80,51.55,1009.91,27.82,34.339,4095,2022-12-13T16:06:55,10.816006,-74.170296,127.00,19.60
37,39.96,51.85,1010.23,25.13,34.317,4095,2022-12-13T16:06:55,10.816006,-74.170296,127.00,19.60
38,39.12,51.11,1010.21,25.36,36.043,2606,2022-12-13T16:08:00,10.816044,-74.170250,145.00,20.20
38,39.03,51.52,1010.13,26.03,35.883,2608,2022-12-13T16:08:05,10.816046,-74.170250,178.00,22.30
38,39.02,51.66,1010.11,26.20,35.866,2597,2022-12-13T16:08:05,10.816046,-74.170250,178.00,22.30
38,39.00,52.05,1010.07,26.53,35.715,2608,2022-12-13T16:08:10,10.816043,-74.170250,127.00,22.50
38,39.02,52.33,1010.12,26.11,35.700,2607,2022-12-13T16:08:10,10.816043,-74.170250,127.00,22.50
38,39.07,52.25,1010.20,25.40,35.678,2608,2022-12-13T16:08:15,10.816040,-74.170258,127.00,22.40
38,39.05,51.97,1010.19,25.50,35.656,2601,2022-12-13T16:08:20,10.816039,-74.170265,128.00,23.20
38,39.03,51.62,1010.19,25.50,35.521,2595,2022-12-13T16:08:20,10.816039,-74.170265,128.00,23.20
39,38.46,51.58,1010.22,25.27,31.818,2128,2022-12-13T16:09:05,10.816032,-74.170273,122.00,22.40
39,38.42,51.28,1010.20,25.40,31.554,2145,2022-12-13T16:09:05,10.816032,-74.170273,122.00,22.40
39,38.38,51.01,1010.17,25.63,31.317,2159,2022-12-13T16:09:10,10.816020,-74.170258,122.00,19.10
39,38.35,50.92,1010.19,25.52,31.097,2166,2022-12-13T16:09:10,10.816020,-74.170258,122.00,19.10
39,38.24,51.20,1010.04,26.72,30.915,2176,2022-12-13T16:09:15,10.816021,-74.170258,153.00,18.00
39,38.21,51.55,1010.04,26.75,30.752,2178,2022-12-13T16:09:20,10.816019,-74.170250,154.00,16.70
39,38.18,51.79,1010.01,26.99,30.613,2191,2022-12-13T16:09:20,10.816019,-74.170250,154.00,16.70
39,38.15,51.92,1010.01,26.98,30.463,2192,2022-12-13T16:09:25,10.816017,-74.170250,154.00,15.60
40,37.14,51.49,1010.20,25.44,30.766,1999,2022-12-13T16:11:20,10.816040,-74.170288,125.00,12.00
40,37.13,51.64,1010.21,25.38,30.763,2015,2022-12-13T16:11:25,10.816029,-74.170280,125.00,16.60
40,37.11,51.84,1010.20,25.43,30.766,2032,2022-12-13T16:11:25,10.816029,-74.170280,125.00,16.60
40,37.11,52.01,1010.22,25.25,30.597,2052,2022-12-13T16:11:30,10.816029,-74.170296,125.00,18.60
40,37.09,52.19,1010.22,25.29,30.725,2064,2022-12-13T16:11:35,10.816025,-74.170296,123.00,22.80
40,37.01,52.41,1010.07,26.52,30.727,2073,2022-12-13T16:11:35,10.816025,-74.170296,123.00,22.80
40,36.99,52.52,1010.05,26.64,30.721,2082,2022-12-13T16:11:40,10.816026,-74.170296,123.00,25.20
40,37.00,52.58,1010.08,26.47,30.589,2093,2022-12-13T16:11:40,10.816026,-74.170296,123.00,25.20
41,35.44,54.56,1010.06,26.57,30.126,1264,2022-12-13T16:18:10,10.816049,-74.170242,129.00,21.10
41,35.43,54.62,1010.06,26.63,30.113,1267,2022-12-13T16:18:10,10.816049,-74.170242,129.00,21.10
41,35.41,54.60,1010.07,26.50,30.093,1286,2022-12-13T16:18:15,10.816046,-74.170242,129.00,21.10
41,35.39,54.52,1010.06,26.57,29.958,1296,2022-12-13T16:18:20,10.816046,-74.170235,92.00,21.20
41,35.38,54.49,1010.06,26.63,29.946,1302,2022-12-13T16:18:20,10.816046,-74.170235,92.00,21.20
41,35.36,54.31,1010.07,26.49,29.929,1309,2022-12-13T16:18:25,10.816046,-74.170235,92.00,21.40
41,35.34,54.17,1010.03,26.81,29.755,1314,2022-12-13T16:18:25,10.816046,-74.170235,92.00,21.40
41,35.32,54.04,1010.06,26.63,29.765,1321,2022-12-13T16:18:30,10.816046,-74.170235,92.00,22.00
41,35.30,54.03,1010.05,26.66,29.747,1325,2022-12-13T16:18:35,10.816047,-74.170235,92.00,22.40
42,34.85,53.84,1010.08,26.39,30.252,1141,2022-12-13T16:19:25,10.816074,-74.170250,88.00,25.90
42,34.82,53.87,1010.05,26.67,30.403,1168,2022-12-13T16:19:25,10.816074,-74.170250,88.00,25.90
42,34.80,53.96,1010.03,26.82,30.409,1195,2022-12-13T16:19:30,10.816076,-74.170250,79.00,27.00
42,34.77,54.01,1010.05,26.66,30.477,1183,2022-12-13T16:19:35,10.816077,-74.170250,83.00,27.50
42,34.75,54.02,1010.06,26.59,30.490,1232,2022-12-13T16:19:35,10.816077,-74.170250,83.00,27.50
42,34.73,54.12,1010.05,26.64,30.504,1243,2022-12-13T16:19:40,10.816079,-74.170250,95.00,27.60
42,34.72,54.22,1010.05,26.70,30.524,1257,2022-12-13T16:19:40,10.816079,-74.170250,95.00,27.60
42,34.70,54.25,1010.06,26.63,30.543,1266,2022-12-13T16:19:45,10.816080,-74.170258,83.00,27.40
43,34.50,55.46,1010.01,27.01,29.394,851,2022-12-13T16:20:25,10.816091,-74.170250,100.00,24.30
43,34.51,55.56,1010.04,26.75,29.373,880,2022-12-13T16:20:25,10.816091,-74.170250,100.00,24.30
43,34.52,55.81,1010.03,26.86,29.191,892,2022-12-13T16:20:30,10.816099,-74.170250,128.00,26.10
43,34.54,56.04,1010.03,26.87,29.060,901,2022-12-13T16:20:35,10.816109,-74.170242,125.00,28.60
43,34.56,56.27,1010.05,26.66,29.056,913,2022-12-13T16:20:35,10.816109,-74.170242,125.00,28.60
43,34.59,56.60,1009.99,27.14,28.916,924,2022-12-13T16:20:40,10.816129,-74.170235,125.00,34.90
43,34.62,57.00,1010.01,27.00,28.912,933,2022-12-13T16:20:40,10.816129,-74.170235,125.00,34.90
43,34.66,57.37,1009.99,27.15,28.897,944,2022-12-13T16:20:45,10.816135,-74.170235,128.00,37.00
44,35.10,57.68,1009.96,27.43,32.774,1437,2022-12-13T16:22:15,10.816119,-74.170227,83.00,27.00
44,35.13,58.03,1009.94,27.59,32.916,1448,2022-12-13T16:22:20,10.816128,-74.170235,79.00,29.90
44,35.17,58.14,1009.98,27.24,33.056,1460,2022-12-13T16:22:20,10.816128,-74.170235,79.00,29.90
44,35.20,58.44,1009.98,27.27,33.190,1472,2022-12-13T16:22:25,10.816133,-74.170235,79.00,31.60
44,35.24,58.58,1009.96,27.44,33.201,1479,2022-12-13T16:22:30,10.816133,-74.170227,83.00,31.30
44,35.29,58.91,1009.98,27.27,33.224,1488,2022-12-13T16:22:30,10.816133,-74.170227,83.00,31.30
45,36.07,59.83,1010.02,26.92,31.676,811,2022-12-13T16:23:50,10.816118,-74.170242,88.00,31.10
45,36.11,60.01,1010.00,27.10,31.663,818,2022-12-13T16:23:50,10.816118,-74.170242,88.00,31.10
45,36.15,60.18,1010.01,27.01,31.650,830,2022-12-13T16:23:55,10.816119,-74.170250,108.00,31.20
45,36.20,60.39,1010.00,27.12,31.627,838,2022-12-13T16:23:55,10.816119,-74.170250,108.00,31.20
45,36.25,60.53,1010.02,26.94,31.602,848,2022-12-13T16:24:00,10.816122,-74.170250,108.00,31.30
45,36.30,60.64,1010.00,27.09,31.579,855,2022-12-13T16:24:05,10.816123,-74.170250,108.00,31.40
45,36.34,60.83,1009.99,27.15,31.553,867,2022-12-13T16:24:05,10.816123,-74.170250,108.00,31.40
45,36.39,60.79,1009.97,27.31,31.408,880,2022-12-13T16:24:10,10.816122,-74.170250,108.00,31.00
47,36.72,58.04,1009.97,27.31,30.971,752,2022-12-13T16:24:55,10.816150,-74.170250,108.00,24.00
47,36.72,57.65,1009.98,27.26,30.949,765,2022-12-13T16:24:55,10.816150,-74.170250,108.00,24.00
47,36.70,56.58,1010.00,27.10,30.937,781,2022-12-13T16:25:00,10.816151,-74.170242,108.00,23.90
47,36.67,55.72,1009.97,27.31,30.706,791,2022-12-13T16:25:05,10.816152,-74.170242,88.00,23.40
47,36.66,55.88,1009.99,27.20,30.692,803,2022-12-13T16:25:05,10.816152,-74.170242,88.00,23.40
47,36.62,56.10,1009.93,27.65,30.536,816,2022-12-13T16:25:10,10.816153,-74.170235,88.00,23.00
47,36.60,56.22,1009.93,27.68,30.529,819,2022-12-13T16:25:10,10.816153,-74.170235,88.00,23.00
47,36.59,56.46,1009.95,27.54,30.511,830,2022-12-13T16:25:15,10.816154,-74.170235,88.00,23.10
47,36.57,55.92,1009.93,27.68,30.336,837,2022-12-13T16:25:20,10.816155,-74.170235,88.00,23.20
47,36.55,55.61,1009.93,27.70,30.345,845,2022-12-13T16:25:20,10.816155,-74.170235,88.00,23.20
48,36.10,54.72,1009.98,27.26,30.567,1106,2022-12-13T16:26:25,10.816166,-74.170250,88.00,23.40
48,36.09,54.98,1010.00,27.13,30.568,1117,2022-12-13T16:26:30,10.816166,-74.170250,79.00,23.00
48,36.08,54.83,1009.97,27.31,30.563,1122,2022-12-13T16:26:35,10.816165,-74.170250,88.00,22.40
48,36.07,54.88,1009.97,27.35,30.513,1133,2022-12-13T16:26:35,10.816165,-74.170250,88.00,22.40
48,36.06,54.25,1009.98,27.30,30.508,1136,2022-12-13T16:26:40,10.816166,-74.170250,88.00,22.50
48,36.04,54.50,1009.99,27.14,30.255,1141,2022-12-13T16:26:40,10.816166,-74.170250,88.00,22.50
49,35.94,56.16,1009.95,27.52,33.022,905,2022-12-13T16:28:20,10.816140,-74.170288,79.00,24.10
49,35.95,56.32,1009.96,27.44,33.040,913,2022-12-13T16:28:25,10.816138,-74.170288,79.00,26.20
49,35.95,56.43,1009.94,27.59,33.182,922,2022-12-13T16:28:25,10.816138,-74.170288,79.00,26.20
49,35.96,56.53,1009.98,27.23,33.190,932,2022-12-13T16:28:30,10.816135,-74.170303,88.00,29.30
49,35.97,56.57,1009.95,27.54,33.200,944,2022-12-13T16:28:35,10.816130,-74.170303,79.00,30.70
51,36.04,56.60,1009.87,28.20,32.399,1401,2022-12-13T16:29:40,10.816134,-74.170296,84.00,27.00
51,36.06,56.26,1009.88,28.11,32.390,1404,2022-12-13T16:29:40,10.816134,-74.170296,84.00,27.00
51,36.06,56.55,1009.87,28.15,32.375,1404,2022-12-13T16:29:45,10.816138,-74.170288,84.00,26.00
51,36.04,55.57,1009.88,28.10,32.222,1395,2022-12-13T16:29:50,10.816139,-74.170288,79.00,25.50
51,36.05,55.92,1009.86,28.30,32.390,1396,2022-12-13T16:29:50,10.816139,-74.170288,79.00,25.50
52,35.92,55.82,1009.96,27.43,32.569,1139,2022-12-13T16:30:50,10.816152,-74.170280,84.00,25.50
52,35.92,55.98,1009.96,27.39,32.562,1162,2022-12-13T16:30:50,10.816152,-74.170280,84.00,25.50
52,35.91,56.08,1009.96,27.40,32.564,1175,2022-12-13T16:30:55,10.816155,-74.170280,84.00,25.50
52,35.91,56.14,1009.97,27.32,32.572,1185,2022-12-13T16:30:55,10.816155,-74.170280,84.00,25.50
53,35.78,55.44,1009.97,27.34,32.380,974,2022-12-13T16:31:30,10.816157,-74.170288,109.00,27.40
53,35.77,55.50,1009.93,27.64,32.236,941,2022-12-13T16:31:35,10.816169,-74.170288,84.00,28.50
53,35.77,55.42,1009.95,27.48,32.242,1011,2022-12-13T16:31:35,10.816169,-74.170288,84.00,28.50
53,35.76,55.54,1009.93,27.68,32.236,1029,2022-12-13T16:31:40,10.816171,-74.170296,84.00,27.90
53,35.75,55.58,1009.95,27.54,32.235,1034,2022-12-13T16:31:40,10.816171,-74.170296,84.00,27.90
54,35.56,56.02,1009.97,27.36,32.234,1013,2022-12-13T16:32:20,10.816178,-74.170311,79.00,25.80
54,35.55,56.15,1009.96,27.44,32.249,1015,2022-12-13T16:32:25,10.816183,-74.170319,84.00,27.20
54,35.56,56.31,1009.98,27.28,32.262,1022,2022-12-13T16:32:25,10.816183,-74.170319,84.00,27.20
54,35.55,56.48,1009.96,27.39,32.268,1021,2022-12-13T16:32:30,10.816184,-74.170319,110.00,27.80
54,35.44,56.55,1009.79,28.87,32.273,1028,2022-12-13T16:32:35,10.816185,-74.170319,110.00,28.40
54,35.45,56.67,1009.80,28.75,32.262,1023,2022-12-13T16:32:35,10.816185,-74.170319,110.00,28.40
55,35.30,55.83,1009.94,27.61,31.234,777,2022-12-13T16:33:30,10.816171,-74.170387,84.00,24.00
55,35.27,55.98,1009.93,27.65,31.216,835,2022-12-13T16:33:35,10.816179,-74.170380,84.00,25.50
55,35.25,56.07,1009.96,27.46,31.018,847,2022-12-13T16:33:35,10.816179,-74.170380,84.00,25.50
55,35.23,56.18,1009.94,27.56,31.023,854,2022-12-13T16:33:40,10.816182,-74.170372,84.00,25.90
55,35.22,56.17,1009.94,27.59,31.020,862,2022-12-13T16:33:40,10.816182,-74.170372,84.00,25.90
55,35.20,56.27,1009.93,27.66,30.866,866,2022-12-13T16:33:45,10.816182,-74.170372,84.00,25.90
55,35.19,56.40,1009.93,27.65,30.868,871,2022-12-13T16:33:50,10.816182,-74.170364,84.00,26.20
56,35.01,56.07,1009.88,28.07,30.607,1182,2022-12-13T16:34:20,10.816173,-74.170372,84.00,28.20
56,35.00,56.21,1009.90,27.95,30.602,1265,2022-12-13T16:34:25,10.816168,-74.170372,84.00,28.60
56,34.99,56.32,1009.90,27.90,30.588,1329,2022-12-13T16:34:25,10.816168,-74.170372,84.00,28.60
56,34.99,56.43,1009.87,28.16,30.576,1363,2022-12-13T16:34:30,10.816163,-74.170364,84.00,28.40
56,34.99,56.53,1009.88,28.10,30.559,1383,2022-12-13T16:34:35,10.816163,-74.170364,84.00,28.70
56,35.00,56.53,1009.91,27.83,30.412,1392,2022-12-13T16:34:35,10.816163,-74.170364,84.00,28.70
57,34.34,57.42,1009.81,28.71,30.641,1633,2022-12-13T16:37:10,10.816141,-74.170380,84.00,28.80
57,34.36,57.35,1009.87,28.21,30.509,1637,2022-12-13T16:37:15,10.816144,-74.170387,84.00,28.60
57,34.36,57.55,1009.89,28.04,30.495,1648,2022-12-13T16:37:15,10.816144,-74.170387,84.00,28.60
57,34.29,57.60,1009.78,28.92,30.480,1648,2022-12-13T16:37:20,10.816148,-74.170395,84.00,29.00
57,34.28,57.58,1009.79,28.85,30.342,1655,2022-12-13T16:37:25,10.816149,-74.170395,84.00,29.30
57,34.27,57.76,1009.78,28.93,30.471,1660,2022-12-13T16:37:25,10.816149,-74.170395,84.00,29.30
58,34.30,57.86,1009.81,28.71,31.232,780,2022-12-13T16:38:00,10.816139,-74.170403,84.00,26.50
58,34.32,58.09,1009.83,28.48,31.517,821,2022-12-13T16:38:05,10.816138,-74.170403,113.00,25.50
58,34.30,58.23,1009.81,28.64,31.736,845,2022-12-13T16:38:10,10.816139,-74.170403,113.00,25.40
58,34.31,58.21,1009.79,28.81,31.930,862,2022-12-13T16:38:10,10.816139,-74.170403,113.00,25.40
58,34.33,58.20,1009.83,28.48,32.144,879,2022-12-13T16:38:15,10.816139,-74.170395,113.00,25.00
58,34.34,58.21,1009.83,28.48,32.172,889,2022-12-13T16:38:15,10.816139,-74.170395,113.00,25.00
59,34.38,58.39,1009.77,29.01,30.349,913,2022-12-13T16:38:45,10.816132,-74.170380,115.00,26.30
59,34.39,58.39,1009.78,28.95,30.132,931,2022-12-13T16:38:50,10.816130,-74.170380,113.00,26.40
59,34.40,58.55,1009.77,28.98,29.941,941,2022-12-13T16:38:55,10.816125,-74.170380,113.00,25.60
59,34.40,58.22,1009.78,28.96,29.778,941,2022-12-13T16:38:55,10.816125,-74.170380,113.00,25.60
59,34.42,58.28,1009.75,29.19,29.633,947,2022-12-13T16:39:00,10.816122,-74.170380,113.00,26.10
59,34.48,58.51,1009.84,28.45,29.606,946,2022-12-13T16:39:00,10.816122,-74.170380,113.00,26.10
59,34.50,58.52,1009.84,28.39,29.399,955,2022-12-13T16:39:05,10.816121,-74.170380,113.00,27.20
60,34.80,60.03,1009.79,28.82,30.445,2550,2022-12-13T16:40:10,10.816106,-74.170380,109.00,23.40
60,34.83,60.16,1009.82,28.63,30.444,2571,2022-12-13T16:40:10,10.816106,-74.170380,109.00,23.40
60,34.87,60.25,1009.82,28.62,30.440,2582,2022-12-13T16:40:15,10.816104,-74.170380,109.00,23.40
60,34.89,60.36,1009.81,28.65,30.423,2595,2022-12-13T16:40:15,10.816104,-74.170380,109.00,23.40
60,34.92,60.41,1009.80,28.74,30.289,2608,2022-12-13T16:40:20,10.816102,-74.170380,109.00,23.60
60,34.93,60.45,1009.77,28.98,30.290,2615,2022-12-13T16:40:25,10.816101,-74.170380,110.00,23.70
61,35.20,59.25,1009.77,29.05,31.553,3351,2022-12-13T16:41:10,10.816087,-74.170364,85.00,27.10
61,35.21,58.18,1009.78,28.91,31.544,3351,2022-12-13T16:41:15,10.816084,-74.170372,85.00,27.50
61,35.20,57.43,1009.79,28.92,31.528,3349,2022-12-13T16:41:15,10.816084,-74.170372,85.00,27.50
61,35.20,57.56,1009.78,28.95,31.506,3351,2022-12-13T16:41:20,10.816082,-74.170380,85.00,28.20
61,35.21,57.49,1009.76,29.12,31.298,3377,2022-12-13T16:41:25,10.816080,-74.170380,85.00,29.30
61,35.21,57.77,1009.76,29.08,31.298,3370,2022-12-13T16:41:25,10.816080,-74.170380,85.00,29.30
62,35.21,59.00,1009.78,28.95,32.023,761,2022-12-13T16:42:10,10.816059,-74.170387,88.00,28.20
62,35.17,58.73,1009.72,29.47,32.233,790,2022-12-13T16:42:10,10.816059,-74.170387,88.00,28.20
62,35.20,58.53,1009.77,28.99,32.386,811,2022-12-13T16:42:15,10.816061,-74.170387,85.00,30.10
62,35.20,58.67,1009.78,28.89,32.530,819,2022-12-13T16:42:15,10.816061,-74.170387,85.00,30.10
62,35.20,58.32,1009.79,28.93,32.661,832,2022-12-13T16:42:20,10.816064,-74.170387,85.00,31.80
62,35.20,58.50,1009.79,28.86,32.683,842,2022-12-13T16:42:25,10.816065,-74.170387,115.00,32.30
63,35.43,58.70,1009.71,29.54,32.010,1158,2022-12-13T16:45:25,10.816026,-74.170265,86.00,30.90
63,35.48,58.33,1009.71,29.49,32.024,1170,2022-12-13T16:45:30,10.816024,-74.170265,86.00,30.10
63,35.53,58.29,1009.68,29.81,32.031,1183,2022-12-13T16:45:35,10.816026,-74.170265,86.00,30.10
63,35.57,58.45,1009.68,29.78,32.037,1187,2022-12-13T16:45:35,10.816026,-74.170265,86.00,30.10
63,35.62,58.99,1009.69,29.70,32.046,1200,2022-12-13T16:45:40,10.816022,-74.170265,86.00,30.20
63,35.65,59.29,1009.67,29.82,32.053,1210,2022-12-13T16:45:40,10.816022,-74.170265,86.00,30.20
63,35.68,58.83,1009.65,29.98,32.068,1218,2022-12-13T16:45:45,10.816023,-74.170273,86.00,29.90
64,35.81,57.62,1009.68,29.79,33.531,2540,2022-12-13T16:46:35,10.816039,-74.170204,86.00,43.50
64,35.81,57.62,1009.68,29.78,33.758,2544,2022-12-13T16:46:40,10.816040,-74.170197,118.00,44.20
64,35.81,57.44,1009.63,30.16,33.592,2550,2022-12-13T16:46:40,10.816040,-74.170197,118.00,44.20
64,35.82,57.37,1009.68,29.80,33.611,2551,2022-12-13T16:46:45,10.816033,-74.170204,86.00,41.60
64,35.83,57.25,1009.69,29.68,33.625,2547,2022-12-13T16:46:50,10.816030,-74.170204,86.00,39.50
64,35.84,57.36,1009.68,29.73,33.676,2550,2022-12-13T16:46:50,10.816030,-74.170204,86.00,39.50
65,35.97,58.57,1009.67,29.82,33.396,1285,2022-12-13T16:47:40,10.816015,-74.170204,86.00,34.40
65,36.01,58.89,1009.68,29.84,33.371,1351,2022-12-13T16:47:45,10.816016,-74.170212,86.00,33.70
65,36.05,59.29,1009.67,29.88,33.349,1376,2022-12-13T16:47:50,10.816022,-74.170197,86.00,32.90
65,36.09,59.51,1009.64,30.09,33.222,1392,2022-12-13T16:47:50,10.816022,-74.170197,86.00,32.90
65,36.14,60.15,1009.63,30.18,33.389,1408,2022-12-13T16:47:55,10.816025,-74.170197,86.00,33.70
65,36.15,60.14,1009.56,30.75,33.373,1410,2022-12-13T16:47:55,10.816025,-74.170197,86.00,33.70
65,36.20,60.09,1009.56,30.74,33.365,1417,2022-12-13T16:48:00,10.816025,-74.170189,86.00,32.70
66,36.57,59.77,1009.55,30.88,33.491,4095,2022-12-13T16:48:40,10.816031,-74.170219,86.00,37.30
66,36.61,60.06,1009.54,30.90,33.342,4095,2022-12-13T16:48:40,10.816031,-74.170219,86.00,37.30
66,36.70,60.31,1009.60,30.45,33.201,4095,2022-12-13T16:48:45,10.816034,-74.170219,86.00,35.80
66,36.70,60.51,1009.51,31.15,33.233,4095,2022-12-13T16:48:50,10.816036,-74.170227,86.00,35.30
66,36.79,60.70,1009.58,30.61,33.034,4095,2022-12-13T16:48:50,10.816036,-74.170227,86.00,35.30
66,36.80,60.88,1009.53,31.00,32.874,4095,2022-12-13T16:48:55,10.816038,-74.170219,86.00,36.00
67,37.04,59.61,1009.58,30.64,33.537,1357,2022-12-13T16:49:20,10.816041,-74.170204,86.00,30.90
67,37.04,58.78,1009.55,30.83,33.531,1366,2022-12-13T16:49:25,10.816040,-74.170204,86.00,28.00
67,37.02,56.44,1009.57,30.98,33.522,1375,2022-12-13T16:49:25,10.816040,-74.170204,86.00,28.00
67,36.99,56.25,1009.57,30.68,33.515,1383,2022-12-13T16:49:30,10.816038,-74.170204,88.00,26.40
67,36.97,56.81,1009.59,30.53,0.000,1387,2022-12-13T16:49:35,10.816037,-74.170204,86.00,25.50
67,36.95,57.31,1009.57,30.66,33.503,1391,2022-12-13T16:49:35,10.816037,-74.170204,86.00,25.50
68,36.90,55.76,1009.54,30.96,33.207,1117,2022-12-13T16:50:00,10.816027,-74.170181,86.00,22.10
68,36.93,54.88,1009.54,30.92,33.192,1233,2022-12-13T16:50:05,10.816016,-74.170181,86.00,23.40
68,36.96,53.77,1009.53,31.05,33.169,1264,2022-12-13T16:50:05,10.816016,-74.170181,86.00,23.40
68,36.99,53.04,1009.56,30.78,33.141,1227,2022-12-13T16:50:10,10.816011,-74.170174,110.00,23.90
68,37.06,54.26,1009.52,31.13,33.008,1295,2022-12-13T16:50:10,10.816011,-74.170174,110.00,23.90
69,37.33,56.09,1009.58,30.57,31.150,1570,2022-12-13T16:50:50,10.816006,-74.170135,93.00,24.60
69,37.27,56.31,1009.48,31.45,30.916,1609,2022-12-13T16:50:50,10.816006,-74.170135,93.00,24.60
69,37.26,56.48,1009.45,31.71,30.647,1632,2022-12-13T16:50:55,10.816006,-74.170143,87.00,25.10
69,37.25,56.66,1009.47,31.50,30.490,1651,2022-12-13T16:50:55,10.816006,-74.170143,87.00,25.10
69,37.24,56.68,1009.45,31.67,30.463,1663,2022-12-13T16:51:00,10.816005,-74.170143,87.00,26.30
69,37.23,56.78,1009.47,31.51,30.256,1667,2022-12-13T16:51:05,10.816002,-74.170143,87.00,28.10
70,35.38,57.60,1009.53,30.98,30.558,2128,2022-12-13T16:53:15,10.815998,-74.170128,82.00,25.70
70,35.41,57.71,1009.49,31.35,30.557,2148,2022-12-13T16:53:20,10.816002,-74.170128,87.00,26.20
70,35.46,57.69,1009.54,30.95,30.425,2165,2022-12-13T16:53:25,10.816000,-74.170128,91.00,22.30
70,35.44,57.63,1009.46,31.62,30.427,2176,2022-12-13T16:53:25,10.816000,-74.170128,91.00,22.30
70,35.45,57.75,1009.46,31.64,30.423,2183,2022-12-13T16:53:30,10.816004,-74.170128,91.00,21.80
70,35.47,58.09,1009.46,31.56,30.405,2086,2022-12-13T16:53:30,10.816004,-74.170128,91.00,21.80
71,35.39,56.81,1009.54,30.97,29.646,963,2022-12-13T16:54:00,10.815994,-74.170135,82.00,22.90
71,35.36,55.98,1009.57,30.71,29.638,991,2022-12-13T16:54:00,10.815994,-74.170135,82.00,22.90
71,35.33,56.06,1009.58,30.64,29.624,1008,2022-12-13T16:54:05,10.815995,-74.170135,82.00,22.70
71,35.30,56.54,1009.53,31.01,29.597,1030,2022-12-13T16:54:10,10.815995,-74.170143,83.00,22.40
71,35.26,56.59,1009.56,30.77,29.459,973,2022-12-13T16:54:10,10.815995,-74.170143,83.00,22.40
72,34.98,57.24,1009.47,31.48,29.790,1351,2022-12-13T16:54:35,10.815960,-74.170166,83.00,21.00
72,34.95,56.97,1009.45,31.66,29.801,1362,2022-12-13T16:54:40,10.815960,-74.170158,83.00,21.30
72,34.92,56.69,1009.48,31.45,29.830,1381,2022-12-13T16:54:40,10.815960,-74.170158,83.00,21.30
72,34.89,56.04,1009.47,31.55,30.053,1392,2022-12-13T16:54:45,10.815960,-74.170158,83.00,21.00
72,34.89,56.23,1009.56,30.80,30.041,1399,2022-12-13T16:54:50,10.815959,-74.170158,83.00,21.10
72,34.83,56.37,1009.47,31.53,30.032,1403,2022-12-13T16:54:50,10.815959,-74.170158,83.00,21.10
73,34.55,56.76,1009.54,30.92,31.067,1826,2022-12-13T16:55:25,10.815928,-74.170151,88.00,17.30
73,34.50,57.04,1009.48,31.41,31.220,1831,2022-12-13T16:55:30,10.815923,-74.170151,83.00,17.00
73,34.47,57.27,1009.52,31.12,31.236,1833,2022-12-13T16:55:30,10.815923,-74.170151,83.00,17.00
73,34.45,57.30,1009.49,31.36,31.258,1839,2022-12-13T16:55:35,10.815923,-74.170158,88.00,16.80
73,34.44,57.54,1009.49,31.22,31.285,1840,2022-12-13T16:55:40,10.815919,-74.170151,85.00,17.10
73,34.43,57.63,1009.45,31.68,31.422,1840,2022-12-13T16:55:40,10.815919,-74.170151,85.00,17.10
74,34.32,58.02,1009.50,31.31,30.114,1131,2022-12-13T16:56:15,10.815911,-74.170135,83.00,24.50
74,34.29,58.11,1009.47,31.52,29.979,1167,2022-12-13T16:56:20,10.815912,-74.170135,83.00,24.30
74,34.29,58.24,1009.45,31.70,29.960,1200,2022-12-13T16:56:25,10.815912,-74.170128,83.00,24.30
74,34.31,58.50,1009.52,31.13,29.824,1225,2022-12-13T16:56:25,10.815912,-74.170128,83.00,24.30
74,34.33,58.64,1009.50,31.30,29.804,1254,2022-12-13T16:56:30,10.815911,-74.170128,88.00,24.70
74,34.33,58.75,1009.52,31.10,29.649,1271,2022-12-13T16:56:30,10.815911,-74.170128,88.00,24.70
75,34.29,59.43,1009.50,31.24,29.839,1341,2022-12-13T16:57:10,10.815911,-74.170105,83.00,33.90
75,34.31,59.50,1009.48,31.45,29.862,1254,2022-12-13T16:57:10,10.815911,-74.170105,83.00,33.90
75,34.31,59.56,1009.48,31.40,30.043,1349,2022-12-13T16:57:15,10.815911,-74.170105,83.00,34.10
75,34.32,59.64,1009.51,31.20,30.052,1359,2022-12-13T16:57:15,10.815911,-74.170105,83.00,34.10
75,34.32,59.70,1009.51,31.19,30.074,1360,2022-12-13T16:57:20,10.815909,-74.170113,83.00,33.20
75,34.33,59.74,1009.48,31.41,30.211,1361,2022-12-13T16:57:25,10.815909,-74.170120,83.00,33.50
75,34.34,59.76,1009.49,31.37,30.206,1370,2022-12-13T16:57:25,10.815909,-74.170120,83.00,33.50
76,34.30,58.89,1009.49,31.38,30.696,978,2022-12-13T16:58:05,10.815889,-74.170128,102.00,28.20
76,34.29,58.85,1009.50,31.29,30.889,998,2022-12-13T16:58:10,10.815887,-74.170135,102.00,27.10
76,34.29,58.86,1009.49,31.34,30.905,1013,2022-12-13T16:58:10,10.815887,-74.170135,102.00,27.10
76,34.29,58.94,1009.50,31.26,31.121,1028,2022-12-13T16:58:15,10.815883,-74.170143,102.00,25.40
76,34.28,59.03,1009.49,31.35,31.281,1039,2022-12-13T16:58:15,10.815883,-74.170143,102.00,25.40
77,34.24,57.71,1009.52,31.12,30.330,1158,2022-12-13T16:59:20,10.815857,-74.170174,89.00,18.80
77,34.23,57.72,1009.47,31.51,30.308,1169,2022-12-13T16:59:25,10.815857,-74.170166,97.00,21.10
77,34.21,57.72,1009.48,31.46,30.174,1181,2022-12-13T16:59:25,10.815857,-74.170166,97.00,21.10
77,34.19,57.84,1009.45,31.70,30.163,1189,2022-12-13T16:59:30,10.815857,-74.170166,97.00,22.30
77,34.19,57.98,1009.48,31.46,30.000,1200,2022-12-13T16:59:30,10.815857,-74.170166,97.00,22.30
77,34.18,58.03,1009.48,31.40,30.005,1200,2022-12-13T16:59:35,10.815856,-74.170166,97.00,22.50
77,34.17,58.13,1009.44,31.78,30.006,1210,2022-12-13T16:59:40,10.815857,-74.170158,102.00,23.20
77,34.16,58.39,1009.45,31.65,29.989,1215,2022-12-13T16:59:40,10.815857,-74.170158,102.00,23.20
77,34.11,58.43,1009.39,32.22,29.966,1214,2022-12-13T16:59:45,10.815858,-74.170151,154.00,23.30
78,34.02,58.54,1009.43,31.82,29.773,930,2022-12-13T17:00:40,10.815866,-74.170158,89.00,27.10
78,34.01,58.72,1009.41,32.05,29.793,966,2022-12-13T17:00:45,10.815863,-74.170166,89.00,27.30
78,34.01,58.88,1009.43,31.87,29.816,981,2022-12-13T17:00:45,10.815863,-74.170166,89.00,27.30
78,34.02,59.07,1009.43,31.81,29.839,992,2022-12-13T17:00:50,10.815860,-74.170166,89.00,26.80
78,34.01,59.23,1009.39,32.16,29.852,1003,2022-12-13T17:00:55,10.815858,-74.170174,89.00,26.50
78,34.03,59.42,1009.44,31.75,29.861,1007,2022-12-13T17:00:55,10.815858,-74.170174,89.00,26.50
78,34.05,59.62,1009.43,31.87,29.864,1008,2022-12-13T17:01:00,10.815854,-74.170174,89.00,27.30
79,34.36,60.81,1009.45,31.70,30.072,1283,2022-12-13T17:01:25,10.815845,-74.170181,89.00,28.00
79,34.37,60.97,1009.40,32.09,30.058,1296,2022-12-13T17:01:30,10.815845,-74.170189,89.00,29.00
79,34.41,61.06,1009.45,31.67,29.908,1296,2022-12-13T17:01:30,10.815845,-74.170189,89.00,29.00
79,34.44,61.22,1009.45,31.71,29.912,1296,2022-12-13T17:01:35,10.815845,-74.170181,89.00,26.80
79,34.47,61.32,1009.45,31.67,29.908,1302,2022-12-13T17:01:40,10.815845,-74.170189,127.00,26.80
79,34.49,61.34,1009.45,31.69,29.905,1303,2022-12-13T17:01:40,10.815845,-74.170189,127.00,26.80
79,34.43,61.18,1009.31,32.84,29.895,1304,2022-12-13T17:01:45,10.815845,-74.170189,149.00,26.10
80,34.65,60.33,1009.41,32.04,30.483,921,2022-12-13T17:02:20,10.815846,-74.170204,93.00,22.20
80,34.67,60.41,1009.45,31.72,30.493,926,2022-12-13T17:02:25,10.815844,-74.170204,131.00,23.50
80,34.70,60.12,1009.45,31.68,30.507,930,2022-12-13T17:02:25,10.815844,-74.170204,131.00,23.50
80,34.72,60.17,1009.44,31.73,30.521,935,2022-12-13T17:02:30,10.815847,-74.170212,127.00,21.90
80,34.73,60.28,1009.44,31.77,30.532,934,2022-12-13T17:02:30,10.815847,-74.170212,127.00,21.90
80,34.71,60.24,1009.36,32.40,30.541,941,2022-12-13T17:02:35,10.815850,-74.170212,89.00,22.90
81,35.14,61.00,1009.45,31.69,30.381,752,2022-12-13T17:03:00,10.815854,-74.170227,89.00,25.10
81,35.18,61.07,1009.43,31.84,30.387,796,2022-12-13T17:03:05,10.815854,-74.170227,89.00,25.60
81,35.22,61.08,1009.44,31.76,30.384,816,2022-12-13T17:03:10,10.815855,-74.170227,92.00,24.30
81,35.26,61.07,1009.44,31.81,30.370,827,2022-12-13T17:03:10,10.815855,-74.170227,92.00,24.30
81,35.29,61.34,1009.46,31.63,30.351,831,2022-12-13T17:03:15,10.815853,-74.170235,89.00,24.20
81,35.32,61.61,1009.43,31.68,30.336,832,2022-12-13T17:03:15,10.815853,-74.170235,89.00,24.20
81,35.37,61.66,1009.40,32.11,30.315,837,2022-12-13T17:03:20,10.815853,-74.170235,89.00,23.90
82,35.57,59.91,1009.38,32.24,31.255,1057,2022-12-13T17:03:50,10.815855,-74.170265,90.00,20.80
82,35.61,59.95,1009.43,31.87,31.495,1084,2022-12-13T17:03:55,10.815850,-74.170258,90.00,21.90
82,35.54,59.99,1009.32,32.76,31.675,1104,2022-12-13T17:03:55,10.815850,-74.170258,90.00,21.90
82,35.54,59.94,1009.32,32.78,31.871,1126,2022-12-13T17:04:00,10.815850,-74.170265,90.00,23.10
82,35.55,59.94,1009.33,32.67,31.895,1149,2022-12-13T17:04:00,10.815850,-74.170265,90.00,23.10
82,35.56,59.90,1009.33,32.72,32.172,1169,2022-12-13T17:04:05,10.815852,-74.170265,93.00,23.10
82,35.56,59.86,1009.31,32.85,32.181,1183,2022-12-13T17:04:10,10.815854,-74.170265,93.00,22.40
82,35.56,59.86,1009.33,32.73,32.209,1199,2022-12-13T17:04:10,10.815854,-74.170265,93.00,22.40
83,35.57,57.81,1009.44,31.79,31.811,1067,2022-12-13T17:04:35,10.815864,-74.170273,90.00,19.70
83,35.57,57.93,1009.44,31.79,31.396,1077,2022-12-13T17:04:40,10.815865,-74.170280,90.00,20.00
83,35.56,58.10,1009.45,31.69,31.229,1089,2022-12-13T17:04:40,10.815865,-74.170280,90.00,20.00
83,35.55,58.07,1009.44,31.76,31.083,1092,2022-12-13T17:04:45,10.815866,-74.170280,90.00,20.00
83,35.54,57.99,1009.41,32.02,31.069,1105,2022-12-13T17:04:45,10.815866,-74.170280,90.00,20.00
83,35.53,58.00,1009.43,31.82,30.897,1115,2022-12-13T17:04:50,10.815868,-74.170280,90.00,19.90
83,35.52,57.88,1009.41,31.99,30.904,1124,2022-12-13T17:04:55,10.815871,-74.170280,90.00,20.70
83,35.51,58.08,1009.43,31.87,30.892,1134,2022-12-13T17:04:55,10.815871,-74.170280,90.00,20.70
83,35.51,57.94,1009.39,32.25,30.882,1136,2022-12-13T17:05:00,10.815872,-74.170288,93.00,20.90
85,35.33,57.20,1009.38,32.29,31.688,2333,2022-12-13T17:05:30,10.815871,-74.170296,90.00,22.40
85,35.30,57.33,1009.36,32.44,31.860,2363,2022-12-13T17:05:30,10.815871,-74.170296,90.00,22.40
85,35.30,57.55,1009.33,32.70,31.888,2384,2022-12-13T17:05:35,10.815874,-74.170296,110.00,22.70
85,35.30,57.64,1009.32,32.74,32.087,2401,2022-12-13T17:05:40,10.815875,-74.170288,142.00,22.50
85,35.30,57.53,1009.34,32.58,32.108,2415,2022-12-13T17:05:40,10.815875,-74.170288,142.00,22.50
85,35.30,57.69,1009.32,32.80,32.255,2423,2022-12-13T17:05:45,10.815877,-74.170288,142.00,22.30
85,35.29,57.79,1009.31,32.81,32.268,2436,2022-12-13T17:05:45,10.815877,-74.170288,142.00,22.30
85,35.30,57.86,1009.35,32.56,32.438,2443,2022-12-13T17:05:50,10.815879,-74.170288,94.00,21.60
85,35.33,56.75,1009.41,32.06,32.430,2450,2022-12-13T17:05:55,10.815879,-74.170288,142.00,20.20
85,35.32,56.58,1009.43,31.88,32.426,2455,2022-12-13T17:05:55,10.815879,-74.170288,142.00,20.20
85,35.32,55.52,1009.43,31.85,32.431,2462,2022-12-13T17:06:00,10.815881,-74.170288,94.00,19.60
85,35.30,56.20,1009.43,31.88,32.440,2470,2022-12-13T17:06:00,10.815881,-74.170288,94.00,19.60
86,33.78,58.06,1009.29,32.98,32.635,911,2022-12-13T17:09:40,10.816026,-74.170143,91.00,24.90
86,33.78,58.06,1009.28,33.11,32.812,1022,2022-12-13T17:09:40,10.816026,-74.170143,91.00,24.90
86,33.78,58.12,1009.28,33.06,32.799,1043,2022-12-13T17:09:45,10.816027,-74.170143,86.00,23.30
86,33.73,58.02,1009.19,33.85,32.806,1054,2022-12-13T17:09:50,10.816026,-74.170143,86.00,21.70
86,33.73,58.02,1009.18,33.92,32.942,1058,2022-12-13T17:09:50,10.816026,-74.170143,86.00,21.70
86,33.74,58.10,1009.18,33.94,32.924,1062,2022-12-13T17:09:55,10.816026,-74.170143,86.00,20.50
86,33.74,58.33,1009.22,33.64,32.907,1065,2022-12-13T17:09:55,10.816026,-74.170143,86.00,20.50
86,33.78,58.45,1009.28,33.09,32.895,1063,2022-12-13T17:10:00,10.816027,-74.170143,86.00,20.30
87,33.78,59.06,1009.10,34.61,31.629,1170,2022-12-13T17:10:25,10.816047,-74.170120,131.00,22.80
87,33.80,59.13,1009.11,34.51,31.442,1207,2022-12-13T17:10:30,10.816050,-74.170120,91.00,23.10
87,33.89,59.21,1009.26,33.25,31.413,1248,2022-12-13T17:10:35,10.816051,-74.170120,86.00,22.90
87,33.91,59.30,1009.26,33.26,31.255,1287,2022-12-13T17:10:35,10.816051,-74.170120,86.00,22.90
87,33.92,59.51,1009.23,33.52,31.105,1323,2022-12-13T17:10:40,10.816051,-74.170113,91.00,23.20
87,33.95,59.77,1009.25,33.34,31.099,1358,2022-12-13T17:10:40,10.816051,-74.170113,91.00,23.20
87,33.98,60.00,1009.25,33.37,31.085,1378,2022-12-13T17:10:45,10.816050,-74.170105,86.00,22.60
87,34.01,60.15,1009.24,33.41,31.068,1390,2022-12-13T17:10:50,10.816050,-74.170113,91.00,22.70
88,34.26,60.20,1009.22,33.61,30.762,1695,2022-12-13T17:11:20,10.816061,-74.170097,86.00,22.50
88,34.26,59.82,1009.26,33.26,30.755,1697,2022-12-13T17:11:20,10.816061,-74.170097,86.00,22.50
88,34.28,59.91,1009.27,33.22,30.740,1707,2022-12-13T17:11:25,10.816066,-74.170105,102.00,22.30
88,34.28,59.88,1009.27,33.17,30.717,1712,2022-12-13T17:11:25,10.816066,-74.170105,102.00,22.30
88,34.29,59.87,1009.23,33.52,30.584,1715,2022-12-13T17:11:30,10.816068,-74.170105,101.00,21.70
89,34.45,59.42,1009.25,33.33,30.423,1075,2022-12-13T17:11:55,10.816077,-74.170105,86.00,20.00
89,34.48,59.29,1009.24,33.53,30.592,1096,2022-12-13T17:12:00,10.816068,-74.170105,101.00,19.80
89,34.53,59.52,1009.23,33.53,30.593,1105,2022-12-13T17:12:05,10.816065,-74.170105,86.00,19.90
89,34.58,59.72,1009.26,33.31,30.607,1115,2022-12-13T17:12:05,10.816065,-74.170105,86.00,19.90
89,34.61,60.07,1009.24,33.44,30.753,1123,2022-12-13T17:12:10,10.816066,-74.170113,101.00,20.40
89,34.67,60.34,1009.27,33.23,30.757,1133,2022-12-13T17:12:10,10.816066,-74.170113,101.00,20.40
90,34.96,58.94,1009.20,33.81,30.510,880,2022-12-13T17:12:35,10.816093,-74.170120,86.00,21.20
90,34.97,58.43,1009.23,33.50,30.510,891,2022-12-13T17:12:40,10.816099,-74.170113,86.00,20.90
90,34.98,58.32,1009.24,33.40,30.514,898,2022-12-13T17:12:40,10.816099,-74.170113,86.00,20.90
90,34.94,56.61,1009.23,33.51,30.511,912,2022-12-13T17:12:45,10.816098,-74.170113,86.00,20.10
90,34.92,56.30,1009.23,33.50,30.502,914,2022-12-13T17:12:50,10.816101,-74.170113,86.00,21.00
91,34.61,54.98,1009.06,34.94,29.990,1136,2022-12-13T17:13:20,10.816133,-74.170105,86.00,20.50
91,34.54,55.26,1009.07,34.86,30.135,1152,2022-12-13T17:13:20,10.816133,-74.170105,86.00,20.50
91,34.50,55.97,1009.09,34.72,30.144,1163,2022-12-13T17:13:25,10.816131,-74.170105,90.00,20.20
91,34.46,56.33,1009.06,34.94,30.162,1168,2022-12-13T17:13:25,10.816131,-74.170105,90.00,20.20
91,34.43,56.40,1009.07,34.90,30.179,1172,2022-12-13T17:13:30,10.816129,-74.170105,90.00,20.80
91,34.47,56.63,1009.20,33.77,30.373,1184,2022-12-13T17:13:35,10.816129,-74.170105,90.00,21.90
91,34.45,56.81,1009.18,33.93,30.349,1194,2022-12-13T17:13:35,10.816129,-74.170105,90.00,21.90
92,34.28,56.86,1009.15,34.22,30.610,1008,2022-12-13T17:13:55,10.816137,-74.170113,87.00,22.00
92,34.28,57.26,1009.16,34.14,30.985,1040,2022-12-13T17:13:55,10.816137,-74.170113,87.00,22.00
92,34.27,57.55,1009.17,34.05,31.311,1050,2022-12-13T17:14:00,10.816140,-74.170120,92.00,22.80
92,34.18,57.69,1009.04,35.10,31.598,1058,2022-12-13T17:14:05,10.816145,-74.170120,87.00,23.40
92,34.18,57.76,1009.05,35.05,31.770,1067,2022-12-13T17:14:05,10.816145,-74.170120,87.00,23.40
93,34.25,57.76,1009.15,34.19,31.158,926,2022-12-13T17:14:35,10.816159,-74.170105,87.00,24.30
93,34.25,58.07,1009.16,34.08,31.145,962,2022-12-13T17:14:35,10.816159,-74.170105,87.00,24.30
93,34.26,58.34,1009.16,34.14,30.928,1007,2022-12-13T17:14:40,10.816159,-74.170105,87.00,24.50
93,34.28,58.58,1009.16,34.08,30.917,1072,2022-12-13T17:14:40,10.816159,-74.170105,87.00,24.50
93,34.26,58.83,1009.09,34.73,30.889,1152,2022-12-13T17:14:45,10.816158,-74.170105,92.00,25.00
93,34.27,59.03,1009.08,34.78,30.751,1217,2022-12-13T17:14:50,10.816155,-74.170105,92.00,25.20
93,34.29,59.23,1009.08,34.79,30.750,1217,2022-12-13T17:14:50,10.816155,-74.170105,92.00,25.20
94,34.30,58.67,1009.07,34.89,30.530,1015,2022-12-13T17:15:35,10.816147,-74.170113,121.00,23.40
94,34.29,58.71,1009.07,34.88,30.674,1046,2022-12-13T17:15:35,10.816147,-74.170113,121.00,23.40
94,34.31,58.81,1009.10,34.61,30.839,1067,2022-12-13T17:15:40,10.816141,-74.170113,121.00,23.10
94,34.34,58.79,1009.17,34.05,31.008,1075,2022-12-13T17:15:40,10.816141,-74.170113,121.00,23.10
94,34.33,58.53,1009.18,33.94,31.010,1085,2022-12-13T17:15:45,10.816134,-74.170113,121.00,22.40
94,34.33,58.29,1009.18,33.95,31.016,1099,2022-12-13T17:15:50,10.816126,-74.170113,90.00,21.80
94,34.32,58.22,1009.13,34.37,31.030,3788,2022-12-13T17:15:50,10.816126,-74.170113,90.00,21.80
95,34.18,58.16,1009.00,35.47,32.126,720,2022-12-13T17:16:10,10.816136,-74.170135,99.00,21.50
95,34.18,57.90,1009.00,35.47,32.910,747,2022-12-13T17:16:15,10.816134,-74.170135,142.00,22.10
95,34.17,57.36,1009.02,35.31,32.917,763,2022-12-13T17:16:20,10.816133,-74.170135,142.00,22.20
95,34.23,57.01,1009.16,34.09,32.727,775,2022-12-13T17:16:20,10.816133,-74.170135,142.00,22.20
95,34.22,57.15,1009.17,34.05,32.203,784,2022-12-13T17:16:25,10.816133,-74.170135,99.00,21.20
95,34.21,57.40,1009.15,34.19,32.188,792,2022-12-13T17:16:25,10.816133,-74.170135,99.00,21.20
95,34.20,57.53,1009.12,34.46,31.921,802,2022-12-13T17:16:30,10.816127,-74.170128,142.00,21.30
96,34.06,56.71,1009.12,34.42,29.800,1262,2022-12-13T17:17:10,10.816149,-74.170235,91.00,3.30
96,34.03,56.82,1009.12,34.45,29.836,1281,2022-12-13T17:17:10,10.816149,-74.170235,91.00,3.30
96,33.97,56.63,1009.08,34.81,29.851,1308,2022-12-13T17:17:15,10.816145,-74.170219,91.00,7.20
96,33.93,56.63,1009.09,34.68,29.873,1330,2022-12-13T17:17:20,10.816146,-74.170212,91.00,9.40
96,33.90,57.11,1009.09,34.70,30.008,1350,2022-12-13T17:17:20,10.816146,-74.170212,91.00,9.40
96,33.88,57.53,1009.11,34.54,30.004,1363,2022-12-13T17:17:25,10.816147,-74.170197,91.00,11.10
96,33.85,57.74,1009.09,34.67,30.011,1377,2022-12-13T17:17:25,10.816147,-74.170197,91.00,11.10
96,33.84,57.99,1009.10,34.58,30.011,1390,2022-12-13T17:17:30,10.816147,-74.170189,91.00,12.90
96,33.75,58.09,1008.97,35.65,30.020,1395,2022-12-13T17:17:35,10.816147,-74.170181,99.00,14.20
97,33.76,59.37,1009.06,34.94,30.480,1381,2022-12-13T17:17:55,10.816130,-74.170181,91.00,20.40
97,33.75,59.46,1009.07,34.83,30.827,1385,2022-12-13T17:18:00,10.816130,-74.170174,91.00,21.30
97,33.75,59.59,1009.08,34.79,31.090,1294,2022-12-13T17:18:05,10.816131,-74.170174,91.00,22.10
97,33.75,59.74,1009.04,35.13,31.327,1377,2022-12-13T17:18:05,10.816131,-74.170174,91.00,22.10
97,33.66,59.73,1008.90,36.26,31.517,1377,2022-12-13T17:18:10,10.816129,-74.170174,91.00,23.20
97,33.65,59.68,1008.89,36.38,31.540,1370,2022-12-13T17:18:10,10.816129,-74.170174,91.00,23.20
97,33.65,59.63,1008.89,36.36,31.738,1366,2022-12-13T17:18:15,10.816128,-74.170174,91.00,23.90
97,33.63,59.72,1008.90,36.29,31.755,1362,2022-12-13T17:18:20,10.816133,-74.170174,91.00,24.50
97,33.71,59.88,1009.05,35.06,31.923,1360,2022-12-13T17:18:20,10.816133,-74.170174,91.00,24.50
98,33.49,59.68,1009.03,35.21,30.811,1340,2022-12-13T17:18:50,10.816148,-74.170189,99.00,24.30
98,33.53,59.70,1009.12,34.47,31.003,1712,2022-12-13T17:18:55,10.816152,-74.170181,99.00,24.60
98,33.52,59.88,1009.09,34.73,31.000,1424,2022-12-13T17:18:55,10.816152,-74.170181,99.00,24.60
98,33.52,59.96,1009.08,34.75,31.013,1475,2022-12-13T17:19:00,10.816153,-74.170174,91.00,24.20
98,33.51,60.04,1009.10,34.60,31.167,1466,2022-12-13T17:19:05,10.816156,-74.170181,91.00,23.40
98,33.51,59.86,1009.08,34.74,31.172,1468,2022-12-13T17:19:05,10.816156,-74.170181,91.00,23.40
98,33.50,59.77,1009.06,34.92,31.180,1455,2022-12-13T17:19:10,10.816157,-74.170174,91.00,23.00
99,33.40,60.07,1009.06,34.93,31.613,890,2022-12-13T17:19:45,10.816154,-74.170197,97.00,19.10
99,33.37,60.02,1009.01,35.40,31.828,897,2022-12-13T17:19:50,10.816150,-74.170204,97.00,19.00
99,33.36,60.28,1009.03,35.21,31.852,904,2022-12-13T17:19:50,10.816150,-74.170204,97.00,19.00
99,33.36,60.43,1009.02,35.28,32.040,854,2022-12-13T17:19:55,10.816146,-74.170212,97.00,19.20
99,33.40,60.66,1009.10,34.59,32.248,927,2022-12-13T17:19:55,10.816146,-74.170212,97.00,19.20
99,33.40,60.92,1009.10,34.65,32.243,935,2022-12-13T17:20:00,10.816145,-74.170212,145.00,19.20
99,33.42,61.10,1009.08,34.80,32.259,941,2022-12-13T17:20:05,10.816143,-74.170219,145.00,18.30
100,33.47,61.20,1009.01,35.39,31.972,1184,2022-12-13T17:20:20,10.816143,-74.170235,145.00,19.20
100,33.49,61.41,1009.01,35.36,32.194,1118,2022-12-13T17:20:25,10.816141,-74.170242,97.00,18.70
100,33.56,61.65,1009.05,35.03,32.348,1201,2022-12-13T17:20:25,10.816141,-74.170242,97.00,18.70
100,33.59,61.85,1009.05,35.02,32.374,1200,2022-12-13T17:20:30,10.816138,-74.170227,97.00,19.30
100,33.62,61.97,1009.08,34.80,32.556,1210,2022-12-13T17:20:35,10.816143,-74.170227,129.00,20.80
100,33.66,61.74,1009.01,35.37,32.577,1207,2022-12-13T17:20:35,10.816143,-74.170227,129.00,20.80
100,33.69,61.10,1009.04,35.15,32.739,1207,2022-12-13T17:20:40,10.816145,-74.170219,129.00,22.10
100,33.73,61.44,1009.01,35.36,32.727,1201,2022-12-13T17:20:40,10.816145,-74.170219,129.00,22.10
100,33.78,62.08,1009.03,35.22,32.725,1200,2022-12-13T17:20:45,10.816148,-74.170212,129.00,24.30
100,33.83,62.12,1009.02,35.28,32.736,1199,2022-12-13T17:20:50,10.816147,-74.170212,129.00,24.50
